scene.materials.lambertian0.emission.gain=0.846719755653298 0.860061959876466 0.867448283540241 0.86841713998867 0.868104513266151 0.870201706237747 0.868370126149903 0.84295102213702 0.765937905777858 0.715006529375698 0.706996472790776 0.751499470279346 0.791936802857816 0.807931912366634 0.83389843968926 0.845630548556163 0.861939675343001 0.883011946357378 0.89330123788843 0.841459704753873
scene.materials.lambertian0.generator=phase
scene.materials.lambertian0.kr=0.0527153460207404 0.0541586365887754 0.0554626162713697 0.0569347013461278 0.0579932522681578 0.0584997762916309 0.06153754544203 0.0758723574439576 0.108793722713992 0.129448895840073 0.132188761712647 0.113089808781974 0.096729919120866 0.0902699215146989 0.0798788826832705 0.0753854718131315 0.0689418625153061 0.0598889909688894 0.0586205635153028 0.0817300482522916
scene.materials.lambertian0.kt=0.106161223982167 0.0906911104261612 0.0816157216393859 0.0791548143821584 0.0784519162348178 0.0757286250977108 0.0746884737558115 0.0878413507840721 0.140560468099069 0.178673686175298 0.185310766214493 0.152676925216877 0.123255801756391 0.111899307856414 0.0937079651849674 0.085423684381847 0.0742364621058144 0.0607365110345639 0.0510720722515472 0.0836466954490292
scene.materials.lambertian0.opIndex=0
scene.materials.lambertian0.type=mattetranslucent
